6.07080996531176
1.09758065385433
1.31971262468598
2.81422407920032
4.36173126673680
5.28659650070205
1.63764642501644
2.74804135605151
1.69349979472246
2.66947703452243
0.283503099421217
2.06285080108234
0.502067944392072
1.19961723536466
0.938102207867600
0.743169595712832
1.65139817217298
2.07177094696996
3.01274089215095
1.34710031107060
0.688622020535301
2.03340739615284
0.667371160186586
2.25405198450032
3.76029162817654
3.20867242234073
0.298088163202007
2.31919932623197
2.03979688712301
1.39396377969391
2.48779660715886
0.337329430233022
2.05981951058970
7.23369183370762
0.688208663471127
1.43978939210570
0.756350287745058
1.53272788952664
3.39063106987948
3.92627319236810
0.870927442320929
0.879706512094603
1.01321894686471
0.877108305344796
0.764654388929318
0.550114670809517
0.827740030704002
0.621621553087613
0.873247625025042
0.747141644914949
0.792242852632188
0.919239754935137
0.901556017826867
0.690959566357799
0.977796787764441
0.808881730734844
0.857842637299798
0.512370305825934
0.850792048861829
0.833888637189515
0.833517819256810
0.922982819736447
0.835571710607842
0.907075599655002
0.967990963840932
0.814557892115606
0.712176657328532
0.759718127414273
0.926113471500525
0.895475410938810
0.830978586227249
0.875693221422608
0.776836790344088
0.793667454243898
0.820671429294599
0.871934072808050
0.796157132223197
0.855888854085160
0.540145571013491
0.953651753189142